id	label	x	y	cluster	weight<Links>	weight<Total link strength>	weight<Documents>	weight<Citations>	weight<Norm. citations>	score<Avg. pub. year>	score<Avg. citations>	score<Avg. norm. citations>
66	"ahmadi, arash"	0.368	-0.6984	4	3	19	23	645	44.6175	2019.087	28.0435	1.9399
68	"ahmadi, majid"	0.411	-0.9212	4	1	6	8	100	6.2923	2018.75	12.5	0.7865
229	"arora, aman"	0.2984	0.474	1	3	13	10	107	12.9939	2022.8	10.7	1.2994
416	"betz, vaughn"	0.0708	0.3003	1	3	10	9	397	31.8814	2021	44.1111	3.5424
500	"bouganis, christos-savvas"	0.9526	0.3875	1	1	3	10	219	10.8402	2017.2	21.9	1.084
508	"boutros, andrew"	0.291	0.2331	1	7	14	6	124	10.3544	2021.5	20.6667	1.7257
722	"chen, deming"	-0.5646	0.1133	2	2	4	7	148	15.4728	2022.7143	21.1429	2.2104
741	"chen, jianli"	0.6235	-0.736	5	2	11	8	20	1.5475	2022	2.5	0.1934
845	"chi, yuze"	-0.7536	0.2142	2	3	9	6	115	7.0968	2021.3333	19.1667	1.1828
931	"cong, jason"	-0.7774	-0.0201	2	5	15	14	553	34.1768	2021.2857	39.5	2.4412
940	"corporaal, henk"	-0.3077	-0.7264	7	2	10	7	142	10.9134	2022.1429	20.2857	1.5591
1077	"deng, bin"	-0.3256	0.5211	3	6	50	14	715	43.1711	2019.6429	51.0714	3.0837
1133	"dinavahi, venkata"	-1.0051	-0.1517	8	1	6	14	291	16.7117	2019.8571	20.7857	1.1937
1360	"fang, zhenman"	-0.5423	-0.1167	2	3	6	9	156	10.6348	2022	17.3333	1.1816
1579	"geng, tong"	-0.4833	-0.5638	2	3	10	6	364	21.77	2020	60.6667	3.6283
1583	"george, alan d."	-0.3189	0.0314	11	0	0	6	27	3.7525	2020.8333	4.5	0.6254
1594	"ghanbarpour, milad"	0.1754	-0.5176	4	2	6	8	114	33.7982	2024.25	14.25	4.2248
1618	"giorgi, roberto"	0.1621	0.016	1	1	2	6	34	2.4803	2019.1667	5.6667	0.4134
1644	"gomez-luna, juan"	-0.3296	-0.9575	7	2	11	6	144	10.8893	2021.8333	24	1.8149
1652	"gong, lei"	0.1258	-0.7722	2	3	34	15	170	14.5947	2021.6	11.3333	0.973
1811	"haghiri, saeed"	0.4056	-0.4898	4	2	13	12	286	24.321	2020.8333	23.8333	2.0268
1869	"hao, xinyu"	-0.2047	0.6919	3	5	17	6	173	15.5943	2021.6667	28.8333	2.5991
1958	"herbordt, martin"	-0.416	-0.3061	2	3	8	6	52	3.003	2021.1667	8.6667	0.5005
2309	"jiang, jingfei"	-0.0812	0.0769	12	0	0	7	124	6.3005	2018	17.7143	0.9001
2373	"john, lizy k."	0.1074	0.5447	1	3	11	7	90	8.3662	2022.2857	12.8571	1.1952
2455	"kapat, santanu"	-0.9088	0.4156	13	0	0	9	53	2.1815	2019.6667	5.8889	0.2424
2815	"lavagno, luciano"	0.0432	-0.1966	14	0	0	6	38	2.7522	2019.8333	6.3333	0.4587
2851	"lee, hyuk-jae"	-0.1965	-0.183	15	0	0	6	443	32.0657	2022.1667	73.8333	5.3443
2914	"li, ang"	-0.6259	-0.4124	2	3	9	7	366	22.3293	2021.4286	52.2857	3.1899
2949	"li, huiyan"	-0.4643	0.6089	3	6	31	7	652	38.551	2018.7143	93.1429	5.5073
2989	"li, peng"	0.2775	-0.2786	5	1	1	6	55	9.0294	2022	9.1667	1.5049
3018	"li, wei"	-0.7448	-0.6641	16	0	0	14	163	9.0766	2020.0714	11.6429	0.6483
3024	"li, xi"	0.1249	-0.9816	2	3	19	7	72	4.1967	2019.5714	10.2857	0.5995
3030	"li, xiaowei"	-0.3423	0.9246	17	0	0	7	173	10.3233	2021.1429	24.7143	1.4748
3136	"lin, ning"	-0.7888	-0.2445	8	1	6	6	117	8.7106	2020.5	19.5	1.4518
3181	"liu, chen"	-0.5852	0.421	3	5	18	9	279	13.7763	2018.8889	31	1.5307
3234	"liu, shuanglong"	0.7296	0.4187	1	5	12	6	153	7.398	2017.5	25.5	1.233
3249	"liu, weiqiang"	-0.0939	0.9945	18	0	0	8	221	18.4143	2020.75	27.625	2.3018
3315	"loncar, vladimir"	0.5311	-0.2316	1	3	7	7	232	23.7723	2023	33.1429	3.396
3380	"luk, wayne"	0.5014	0.1459	1	9	30	20	306	18.382	2020.4	15.3	0.9191
3465	"ma, yufei"	0.5121	0.6508	6	3	12	7	862	35.9116	2018.1429	123.1429	5.1302
3866	"mutlu, onur"	-0.5325	-0.8278	7	2	11	7	144	10.8893	2022.1429	20.5714	1.5556
4004	"niu, xinyu"	0.7164	0.206	1	6	22	8	212	11.8225	2018.875	26.5	1.4778
4025	"nurvitadhi, eriko"	0.3943	-0.0372	1	4	10	6	152	8.0951	2019.3333	25.3333	1.3492
4293	"pierini, maurizio"	0.749	-0.1941	1	3	7	6	215	19.3253	2023	35.8333	3.2209
4342	"prasanna, viktor"	-0.0371	-0.4278	19	0	0	9	254	14.8001	2021.6667	28.2222	1.6445
4430	"que, zhiqiang"	0.6619	0.023	1	8	23	10	160	10.5481	2021.4	16	1.0548
4732	"sano, kentaro"	0.9856	-0.1105	9	1	8	11	95	6.0034	2020	8.6364	0.5458
4734	"santambrogio, marco d."	0.037	0.7905	20	0	0	6	38	2.3768	2019.3333	6.3333	0.3961
4820	"seo, jae-sun"	0.4886	0.8826	6	2	10	6	878	37.5612	2018	146.3333	6.2602
5445	"ueno, tomohiro"	0.9724	0.1092	9	1	8	8	68	4.717	2019.875	8.5	0.5896
5483	"van schaik, andre"	0.9231	-0.3728	21	0	0	7	188	11.0557	2015.7143	26.8571	1.5794
5546	"vrudhula, sarma"	0.2967	0.7505	6	2	10	6	876	36.5363	2017.6667	146	6.0894
5579	"wang, chao"	-0.0589	-0.7124	2	4	40	20	405	27.4704	2021.35	20.25	1.3735
5618	"wang, jiang"	-0.2372	0.3366	3	6	53	18	729	43.9909	2020.2778	40.5	2.4439
5634	"wang, kun"	0.6321	-0.4591	5	3	7	6	13	1.5243	2023.6667	2.1667	0.254
5731	"wang, yanzhi"	-0.2602	-0.4649	2	5	5	8	361	20.4646	2019.375	45.125	2.5581
5741	"wang, yu"	0.1982	0.9906	22	0	0	13	1371	57.4926	2019.2308	105.4615	4.4225
5761	"wang, zhongfeng"	0.7499	0.68	6	1	2	10	168	13.6861	2022.9	16.8	1.3686
5795	"wei, xile"	-0.1419	0.4901	3	6	37	9	573	34.9775	2018.6667	63.6667	3.8864
5815	"wen, mei"	-0.762	0.6345	10	1	6	6	65	2.9622	2018.5	10.8333	0.4937
6191	"yang, shuangming"	-0.4068	0.3394	3	6	48	13	722	42.8295	2019.0769	55.5385	3.2946
6329	"yu, jun"	0.8053	-0.6076	5	2	11	8	20	1.5475	2022	2.5	0.1934
6445	"zhang, chunyuan"	-0.5969	0.818	10	1	6	6	65	2.9622	2018.5	10.8333	0.4937
6547	"zhang, wei"	-0.9048	-0.4415	2	1	1	8	274	14.9962	2020.625	34.25	1.8745
6731	"zhou, peipei"	-0.9696	0.1345	2	3	6	6	178	16.4974	2022.1667	29.6667	2.7496
6749	"zhou, xuehai"	-0.0739	-0.9174	2	3	38	17	185	15.4638	2021.4706	10.8824	0.9096
6804	"zhu, yongxin"	0.5205	0.3732	1	4	10	7	73	3.5243	2019.4286	10.4286	0.5035
